step, epotential, ekinetic, etot, T, lambda_T
0, -452.3745359940142, 0.7826436746656762, -451.5918923193485, 0.09684561448920555, 1.0
10, -603.3415606649183, 89.42073353675873, -513.9208271281597, 11.065068520667756, 1.0
20, -801.646080598799, 279.15284282302787, -522.4932377757711, 34.5428315269439, 1.0
30, -1019.6572170906522, 469.75813244036794, -549.8990846502843, 58.12864330235956, 1.0
40, -1184.963430956433, 565.355581618262, -619.607849338171, 69.95802876719272, 1.0
50, -1117.0205590091884, 524.6638140569071, -592.3567449522814, 64.92276257684784, 1.0
60, -965.477232093117, 377.02799531500165, -588.4492367781154, 46.65406374300822, 1.0
70, -836.7788825013649, 200.24066442520916, -636.5382180761558, 24.77810888878658, 1.0
80, -682.2197061214848, 78.8522318279567, -603.3674742935282, 9.757304751087215, 1.0
90, -713.1995794679138, 66.79409124432352, -646.4054882235903, 8.265210619082602, 1.0
100, -824.3446588869151, 168.57350494139362, -655.7711539455215, 20.85956253287582, 1.0
110, -986.1428102411478, 340.8455207553608, -645.297289485787, 42.17678487920685, 1.0
120, -1095.1979730957185, 509.59272346550597, -585.6052496302125, 63.05784105944057, 1.0
130, -1173.9562742369476, 598.701385815888, -575.2548884210596, 74.08429337865249, 1.0
140, -1109.6492696305747, 563.0855988865292, -546.5636707440456, 69.67713737350904, 1.0
150, -894.8899924406235, 414.6129058260157, -480.27708661460775, 51.30488233617687, 1.0
160, -734.832617135901, 223.78528543721984, -511.0473316986812, 27.691558985725866, 1.0
170, -497.41460636970623, 89.41567198039016, -407.9989343893161, 11.064442195364615, 1.0
180, -549.146047537117, 86.6428211942934, -462.50322634282367, 10.721325082227363, 1.0
190, -730.502998288063, 222.89758676773315, -507.6054115203299, 27.581713693531544, 1.0
200, -985.7935285576093, 430.41054129719663, -555.3829872604126, 53.25970771100217, 1.0
210, -1211.1025726682205, 603.0846828487265, -608.017889819494, 74.62668975694723, 1.0
220, -1252.652927341915, 655.7587747848058, -596.8941525571092, 81.144668457011, 1.0
230, -1115.2171061948009, 569.5649243356708, -545.6521818591301, 70.478899752622, 1.0
240, -905.9454778736972, 397.2666266530606, -508.6788512206366, 49.158425244673815, 1.0
250, -673.6016229239506, 229.23321078931122, -444.36841213463936, 28.36569422184081, 1.0
260, -584.6003888453365, 145.22596044151533, -439.3744284038212, 17.97049900742068, 1.0
270, -637.4008429841863, 179.56832618410783, -457.83251680007845, 22.22007978219044, 1.0
280, -772.679474165246, 312.60572016143556, -460.07375400381045, 38.682345544806566, 1.0
290, -909.3988515954959, 484.6563297373107, -424.74252185818517, 59.97217071938006, 1.0
300, -1009.8227527584313, 621.3458899492878, -388.47686280914354, 76.8863615337925, 1.0
310, -940.2660482991453, 661.6413310111943, -278.62471728795094, 81.87258563177798, 1.0
320, -843.3203073289244, 582.8221878543616, -260.4981194745628, 72.11937532723313, 1.0
330, -651.3128490242369, 414.9891589595831, -236.32369006465382, 51.35144051725383, 1.0
340, -347.3791590662715, 234.88924585836787, -112.48991320790361, 29.06558129633774, 1.0
350, -222.55722137074827, 133.46556936309295, -89.09165200765531, 16.51524888850838, 1.0
360, -234.5940916208507, 168.4954705019869, -66.0986211188638, 20.849906423102887, 1.0
370, -477.3489397866407, 328.5375392641545, -148.81140052248622, 40.65377502271396, 1.0
380, -737.8738802343792, 534.1984059808299, -203.67547425354928, 66.10258865053402, 1.0
390, -951.8116927095682, 680.0690392337411, -271.74265347582707, 84.15286053108345, 1.0
400, -920.0052364697545, 693.4664056136331, -226.53883085612142, 85.81067266398277, 1.0
410, -796.7798172795468, 573.5483205492311, -223.2314967303157, 70.97181174634765, 1.0
420, -590.0755989339439, 388.0521084615982, -202.02349047234566, 48.01820562064716, 1.0
430, -450.53330495726647, 232.35107697598332, -218.18222798128315, 28.751504107638915, 1.0
440, -445.2271034817205, 179.12512031767923, -266.10198316404126, 22.16523675992001, 1.0
450, -469.3597196188016, 246.90185873271233, -222.45786088608926, 30.552041754775342, 1.0
460, -631.861850084272, 399.35531444606806, -232.5065356382039, 49.41688290470195, 1.0
470, -877.5786149056933, 566.8698830552592, -310.7087318504341, 70.14541091558932, 1.0
480, -880.5289608011218, 676.6177355891941, -203.91122521192767, 83.72579054628127, 1.0
490, -972.0595047372393, 679.5759797545282, -292.48352498271106, 84.09184854083834, 1.0
500, -1030.7524926069864, 569.9186782389029, -460.8338143680835, 70.52267384196234, 1.0
510, -822.8672863357556, 391.8471157761958, -431.0201705595598, 48.487806062419374, 1.0
520, -669.8368596296242, 226.56013217933722, -443.276727450287, 28.034923081741237, 1.0
530, -503.25134951358666, 157.4151290439202, -345.8362204696665, 19.478806761797784, 1.0
540, -633.4751912095612, 225.97050962411623, -407.504681585445, 27.961962217780425, 1.0
550, -793.9017491106548, 403.77276570800285, -390.12898340265195, 49.96350558343367, 1.0
560, -879.9703037945434, 601.678190639722, -278.29211315482144, 74.45264809959465, 1.0
570, -948.0733849633992, 716.3460586695842, -231.72732629381505, 88.64183853323985, 1.0
580, -974.9961502405946, 688.2741646714366, -286.72198556915805, 85.16817623693652, 1.0
590, -852.002600057828, 534.9243952574884, -317.07820480033956, 66.19242375670875, 1.0
600, -658.8601716717958, 338.6607179948374, -320.1994536769584, 41.90643379514425, 1.0
610, -607.4264085304806, 199.01288933617607, -408.4135191943045, 24.626181981560578, 1.0
620, -615.5160347330801, 180.0232554489519, -435.49277928412823, 22.276373477046867, 1.0
630, -859.3984614536322, 282.63943162328803, -576.7590298303442, 34.97426775490118, 1.0
640, -880.1477778450472, 451.8935409647463, -428.25423688030094, 55.9180493947371, 1.0
650, -1003.4037201496755, 607.937377143241, -395.4663430064345, 75.2271701238029, 1.0
660, -1065.2400516907007, 681.45593357247, -383.7841181182307, 84.32447711576124, 1.0
670, -921.7541399933642, 640.0183597051533, -281.7357802882109, 79.19692362746864, 1.0
680, -750.7718890483436, 499.5700110170489, -251.2018780312947, 61.81761414987783, 1.0
690, -603.1581922826257, 320.2171880467176, -282.9410042359081, 39.62420108951518, 1.0
700, -389.346113445989, 184.68744578168946, -204.65866766429951, 22.853528053887395, 1.0
710, -343.60478136974257, 162.33628448274266, -181.2684968869999, 20.087758623158248, 1.0
720, -437.1497178831045, 272.0207412065286, -165.12897667657586, 33.66029355211854, 1.0
730, -664.219087529515, 465.49516599170863, -198.7239215378064, 57.60113682830081, 1.0
740, -951.6194895448314, 646.3510624226003, -305.26842712223106, 79.98054266880388, 1.0
750, -998.5499106481037, 719.9796471985254, -278.5702634495783, 89.09146474920149, 1.0
760, -920.0164797145031, 647.1810822423337, -272.83539747216946, 80.08325068534108, 1.0
770, -673.3224429668803, 468.0897870493347, -205.23265591754563, 57.92219950193676, 1.0
780, -422.73139443688285, 279.6982455492148, -143.03314888766806, 34.61032055658977, 1.0
790, -419.0257195597701, 180.76313283704678, -238.2625867227233, 22.367927120954267, 1.0
800, -506.7329390140899, 218.93764659556305, -287.79529241852686, 27.091704188914868, 1.0
810, -705.4661189412287, 370.11618480550004, -335.3499341357287, 45.79878495178618, 1.0
820, -956.8240717046259, 557.5050781254655, -399.3189935791604, 68.98659456358236, 1.0
830, -1030.6703741189344, 693.9983853586934, -336.671988760241, 85.87650071188487, 1.0
840, -1092.5756270871093, 722.4295646994285, -370.1460623876808, 89.39462156692467, 1.0
850, -1051.8155695632208, 636.0446603672383, -415.77090919598254, 78.70521154107105, 1.0
860, -858.2441307258064, 476.6840450328713, -381.56008569293505, 58.985667108507414, 1.0
870, -654.6308801190555, 316.7983003444973, -337.8325797745582, 39.20114230668844, 1.0
880, -453.4555322278711, 231.28071274998752, -222.1748194778836, 28.61905547929204, 1.0
890, -500.33307621624033, 266.20093409779435, -234.13214211844598, 32.94014105629114, 1.0
900, -655.7919837025739, 414.44667931196864, -241.3453043906053, 51.284313194154265, 1.0
910, -870.7323567220175, 611.9930408139235, -258.739315908094, 75.72902461143622, 1.0
920, -927.5523102987516, 763.7015759657723, -163.8507343329793, 94.50168806688954, 1.0
930, -985.5828404392918, 791.8184608379675, -193.76437960132432, 97.9809176078849, 1.0
940, -888.5404216296047, 680.7150652190022, -207.82535641060247, 84.23280084817006, 1.0
950, -898.4809927589143, 489.845087413864, -408.63590534505033, 60.61423612141125, 1.0
960, -781.7469100422669, 322.6192186546963, -459.1276913875706, 39.92143230441122, 1.0
970, -678.6394847535743, 268.6408624579662, -409.9986222956081, 33.242061801324205, 1.0
980, -777.438902891191, 354.6142865075335, -422.8246163836575, 43.88055458078491, 1.0
990, -920.8069792309302, 533.1978116630481, -387.6091675678821, 65.97877346528848, 1.0
