step, epotential, ekinetic, etot, T, lambda_T
0, -469.2861497863257, 406.145115771059, -63.14103401526671, 50.25706407892439, 0.9974392292237927
10, -558.6661620871212, 406.9972914955837, -151.66887059153748, 50.36251370353118, 0.9963944570427294
20, -720.9349650438963, 409.4578505470287, -311.4771144968676, 50.666987324206595, 0.9933961243173347
30, -839.2552331718746, 411.1392925266689, -428.1159406452057, 50.87505171802638, 0.9913626902982932
40, -869.703409210576, 411.9652557094286, -457.73815350114734, 50.97725775963783, 0.9903683832443221
50, -926.7284138334912, 412.011155855115, -514.7172579783762, 50.98293751909675, 0.9903132156614017
60, -941.463298014289, 411.4232249374758, -530.0400730768131, 50.91018598115032, 0.9910205504259445
70, -1000.4543665143292, 410.3526765476562, -590.101689966673, 50.777714564069235, 0.9923124201529181
80, -1037.9376161258788, 408.93623602727195, -629.0013800986069, 50.602441886317614, 0.9940294806518789
90, -1173.9705868533865, 407.2811349672159, -766.6894518861707, 50.397636961175486, 0.9960471915661024
100, -1147.3213092448402, 405.47731564021547, -741.8439936046248, 50.174429393280064, 0.9982602566817557
110, -1097.5430304286049, 403.6100802133628, -693.932950215242, 49.94337461297176, 1.000566735289815
120, -1178.1491615511743, 401.7561562244542, -776.3930053267202, 49.713967011870494, 1.0028726609105834
130, -1073.2175939340023, 400.0054940773404, -673.2120998566618, 49.49733720077204, 1.0050648488137213
140, -1034.743367506835, 398.4592088240178, -636.2841586828172, 49.30599732238154, 1.0070131186591997
150, -1008.2353175637088, 397.25602924651315, -610.9792883171956, 49.157113904172, 1.0085369490126883
160, -892.4094691720131, 396.5621047670383, -495.8473644049748, 49.07124654869564, 1.009418957882106
170, -891.0349944792777, 396.5848305770041, -494.4501639022736, 49.07405867776809, 1.0093900357067116
180, -858.26875167195, 397.5023379319146, -460.7664137400354, 49.18759254568395, 1.008224435248903
190, -741.8817618802693, 399.39785741380564, -342.4839044664637, 49.422147241444335, 1.0058291019690218
200, -599.135731478876, 402.1049042730184, -197.03082720585758, 49.757121668527674, 1.0024376677686295
210, -633.6669161692238, 405.1815936680408, -228.48532250118296, 50.13783627045767, 0.9986244805899719
220, -639.459548609295, 408.03745667524413, -231.42209193405085, 50.49122545225581, 0.9951236470345289
230, -620.4174810261492, 410.1803953804857, -210.23708564566346, 50.756396209319014, 0.9925207904170933
240, -722.1890632322169, 411.39442529291085, -310.794637939306, 50.9066222658029, 0.9910552379889839
250, -760.1080083071621, 411.7236292646645, -348.3843790424976, 50.94735850627708, 0.9906589471998795
260, -796.7740826637277, 411.3389634458385, -385.43511921788917, 50.89975932570092, 0.9911220489481524
270, -857.0746697044111, 410.4375047553033, -446.63716494910784, 50.78821134588902, 0.9922098705164596
280, -972.1012146688852, 409.18536173986587, -562.9158529290194, 50.63326911140383, 0.9937268354084745
290, -1064.5036044716458, 407.7152814437661, -656.7883230278796, 50.451358959654286, 0.9955167410585287
300, -1101.9380973820523, 406.1262482219749, -695.8118491600774, 50.25472937739404, 0.9974623981461788
310, -1066.0831560395102, 404.4869419143138, -661.5962141251964, 50.051878920870145, 0.9994816141559095
320, -970.0338698284413, 402.85746195843313, -567.1764078700082, 49.850244393264056, 1.0015009284970116
330, -889.0080702133935, 401.2997464421535, -487.70832377124, 49.65749011535092, 1.0034427968576645
340, -850.4600053034624, 399.8770879531566, -450.58291735030576, 49.481448015944636, 1.0052262060493322
350, -851.8642213576625, 398.67194457399154, -453.19227678367093, 49.33232159369035, 1.0067444061499047
360, -729.0314043005683, 397.79426201955215, -331.23714228101613, 49.22371571203234, 1.0078544210927987
370, -600.3025136034574, 397.37975629806664, -202.9227573053908, 49.1724240928626, 1.0083799291649684
380, -581.1872206811902, 397.58441239394, -183.60280828725018, 49.19774857449504, 1.0081203645829806
390, -463.56689761135414, 398.5469186430747, -65.01997896827942, 49.31685067953278, 1.0069023038537974
400, -475.4373814500126, 400.32563825020037, -75.11174319981222, 49.53695236684235, 1.0046628885350963
410, -519.0881595619406, 402.78187949556445, -116.30628006637619, 49.84089169509749, 1.001594890464794
420, -568.8426555633903, 405.55396433482923, -163.28869122856105, 50.183914028715, 0.998165917866292
430, -642.6948477085288, 408.14588801405364, -234.54895969447512, 50.5046429243147, 0.9949914519542663
440, -709.7760620468035, 410.11818317976173, -299.6578788670418, 50.74869796936273, 0.9925960669638273
450, -784.221912020616, 411.24656135280384, -372.9753506678121, 50.888325338856454, 0.9912333892201857
460, -984.5703185103403, 411.528633819644, -573.0416846906962, 50.92322944945735, 0.9908936223704685
470, -1074.2000377784498, 411.08891238378015, -663.1111253946697, 50.86881759635127, 0.9914234356289929
480, -1116.9944621373838, 410.1068692358313, -706.8875929015526, 50.7472979633476, 0.9926097586374333
490, -1200.6333218351201, 408.75484992764837, -791.8784719074717, 50.57999687226272, 0.9942500078607565
500, -1247.3394621370333, 407.17146059663713, -840.1680015403961, 50.384065674322684, 0.9961813285380834
510, -1382.8279829570758, 405.4774523399292, -977.3505306171467, 50.17444630872729, 0.9982600884086469
520, -1439.4116670288515, 403.7677184807072, -1035.6439485481444, 49.96288103123356, 1.0003713964882819
530, -1430.5044930433294, 402.1239543267738, -1028.3805387165555, 49.75947895348597, 1.0024139229538471
540, -1330.8171096788997, 400.63896399505444, -930.1781456838453, 49.5757238094259, 1.0042699558123935
550, -1260.9614923495196, 399.40053830714646, -861.5609540423732, 49.42247897959207, 1.0058257262536587
560, -1276.5648791195379, 398.5139370076241, -878.0509421119137, 49.31276947776055, 1.0069439693948885
570, -1196.9921785260335, 398.0922184474056, -798.8999600786278, 49.2605853300725, 1.007477180719458
580, -1102.0217100744721, 398.24170212501417, -703.780007949458, 49.27908268599925, 1.0072880800698603
590, -1116.3803310645458, 399.0354593298897, -717.3448717346561, 49.37730350698045, 1.0062857378488332
600, -978.425098705957, 400.4784678400526, -577.9466308659044, 49.555863751448754, 1.0044711717751198
610, -918.1197372649129, 402.4353113128347, -515.6844259520783, 49.79800677862102, 1.002026073080056
620, -890.9883955439883, 404.64877836024533, -486.339617183743, 50.07190482864955, 0.9992817263309054
630, -893.4493510689845, 406.7676497184841, -486.68170135050036, 50.33409745264267, 0.9966756759507681
640, -874.7817319848352, 408.48365932952, -466.29807265531525, 50.54643930197933, 0.9945799923182084
650, -834.5200412823053, 409.6212471996178, -424.8987940826875, 50.68720629452183, 0.9931979732292928
660, -872.1376612004083, 410.12018340721824, -462.01747779319004, 50.74894548079535, 0.9925936464290578
670, -863.0056962186881, 410.0269584632835, -452.97873775540455, 50.737409673028246, 0.9927064795318545
680, -911.7320409751535, 409.44568129294936, -502.28635968220414, 50.665481480708024, 0.993410886715093
690, -952.529315042046, 408.4771192569776, -544.0521957850685, 50.54563002265507, 0.9945879543299789
700, -990.9630752763064, 407.2240868029086, -583.7389884733979, 50.39057772757191, 0.9961169574219867
710, -1015.96993899133, 405.78098474026433, -610.1889542510656, 50.21200590676582, 0.9978866591737535
720, -1048.0955843067668, 404.22385970487824, -643.8717246018886, 50.01932469592883, 0.999806809039257
730, -1047.14572013173, 402.63733878177356, -644.5083813499565, 49.82300598963674, 1.0017746530403357
740, -969.3177649548173, 401.1067735727805, -568.2109913820368, 49.63361133536569, 1.0036841464986472
750, -960.7266022212518, 399.7267196948515, -560.9998825264004, 49.462841200548795, 1.0054152600877948
760, -913.6582436388787, 398.6119311315147, -515.0463125073641, 49.32489543169299, 1.0068201890340567
770, -888.7232368662386, 397.90447842617, -490.8187584400686, 49.23735407131539, 1.0077148275571743
780, -807.4170986580566, 397.76073862964495, -409.65636002841165, 49.21956747267333, 1.007896891328783
790, -799.3523886637706, 398.3256883986126, -401.026700265158, 49.28947528551623, 1.0071818820081058
800, -775.5668792808453, 399.6647790940771, -375.9021001867682, 49.455176568816626, 1.005493167393837
810, -734.8786267599016, 401.69888882830224, -333.1797379315994, 49.70688065015818, 1.002944144627354
820, -674.0435112398372, 404.1421216322632, -269.90138960757406, 50.0092102924962, 0.9999079097975082
830, -748.634504255921, 406.5538571307829, -342.0806471251381, 50.30764240649666, 0.9969377001111509
840, -740.525114096371, 408.52405709382055, -332.00105700255045, 50.55143818772303, 0.9945308155307576
850, -696.2759797855922, 409.7945048711286, -286.4814749144636, 50.708645483523895, 0.9929879931558686
860, -810.4041294710248, 410.3152897691435, -400.08883970188134, 50.77308826265514, 0.9923576274855885
870, -776.7567658064266, 410.17325054412066, -366.583515262306, 50.75551209552547, 0.9925294347737718
880, -787.0788118857304, 409.51879077313663, -377.56002111259374, 50.67452816793353, 0.9933222082503442
890, -819.3077995534189, 408.5003815830396, -410.80741797037933, 50.54850854111098, 0.9945596351903608
900, -879.1908387101869, 407.24305433512717, -471.9477843750597, 50.39292480117963, 0.9960937598495724
910, -903.2860076907225, 405.8506531410267, -497.4353545496958, 50.22062678916827, 0.9978010067904087
920, -916.9405222154547, 404.3999865828637, -512.5405356325911, 50.04111892525529, 0.999589064188668
930, -959.4147456197293, 402.9580929921055, -556.4566526276237, 49.862696642746364, 1.001375867891091
940, -899.2008616148519, 401.5863964391297, -497.61446517572216, 49.6929606570535, 1.00308460715809
950, -952.6015837071731, 400.35330949795815, -552.248274209215, 49.54037645251446, 1.0046281682574976
960, -866.3876011593163, 399.3321812882403, -467.055419871076, 49.41402036973562, 1.005911810357704
970, -862.8937943895756, 398.61699195771536, -464.2768024318603, 49.32552166664395, 1.0068137977383174
980, -866.6180897623, 398.330113443843, -468.28797631845697, 49.2900228478851, 1.0071762876058619
990, -746.1900540030665, 398.58454222945943, -347.6055117736071, 49.321506283942114, 1.0068547804731625
1000, -701.038502504191, 399.4790172686813, -301.5594852355097, 49.43219009526366, 1.0057269225214642
1010, -614.7803393905629, 401.0228373952857, -213.75750199527715, 49.6232249348229, 1.0037891791738764
1020, -519.9207112921964, 403.07936294570544, -116.84134834649097, 49.877702786098226, 1.0012252202129843
1030, -495.1098359565329, 405.3477319237421, -89.76210403279077, 50.15839449124751, 0.9984198085023884
1040, -553.9092413883072, 407.4467943595696, -146.46244702873764, 50.41813592662775, 0.9958446849443028
1050, -424.9209089632394, 409.0385457456031, -15.882363217636339, 50.61510185899832, 0.99390515833883
1060, -466.94739884423154, 409.9393925304834, -57.008006313748126, 50.72657412059889, 0.9928124984079222
1070, -563.0850300437879, 410.12872180582735, -152.95630823796057, 50.75000203627113, 0.992583314057938
1080, -609.986299662451, 409.69615227254747, -200.2901473899035, 50.696475171344126, 0.9931071754917907
1090, -628.5050165259036, 408.7806056405514, -219.72441088535214, 50.583183926503935, 0.9942186854095744
1100, -675.9915288229203, 407.5243158746646, -268.4672129482557, 50.427728566303415, 0.9957499629149158
1110, -644.1644007936677, 406.0474854814564, -238.1169153122113, 50.24498314644466, 0.9975591344460301
1120, -667.6265893446657, 404.4657996707168, -263.1607896739489, 50.04926274490258, 0.9995077362750576
1130, -657.8154119420765, 402.8797870286683, -254.93562491340816, 49.85300693414368, 1.0014731796634377
1140, -584.3150994870547, 401.37159788654765, -182.94350160050703, 49.666381131159945, 1.0033529772968415
1150, -492.35411055359685, 400.0425844373822, -92.31152611621468, 49.5019268228774, 1.005018254922633
1160, -476.5140543353981, 398.9922235095416, -77.52183082585651, 49.371953435517405, 1.006340258223207
1170, -487.42375330308744, 398.3361520208032, -89.08760128228425, 49.290770071321866, 1.0071686534323827
1180, -406.56940549443885, 398.18845788985476, -8.380947604584094, 49.27249415683976, 1.0073554231703319
1190, -305.5396068425579, 398.650560726205, 93.11095388364714, 49.32967552122332, 1.0067714069653746
1200, -326.96619318353044, 399.7588491517795, 72.79265596824905, 49.46681695235018, 1.0053748556096174
1210, -327.6629076392734, 401.44666045693737, 73.78375281766398, 49.67566949697679, 1.0032591693494843
1220, -180.5938405308861, 403.5086083250199, 222.9147677941338, 49.930818314750674, 1.00069253559711
1230, -177.96656477572583, 405.63342115947324, 227.66685638374742, 50.19374614677473, 0.9980681510471952
1240, -169.15518347404344, 407.49531369923375, 238.3401302251903, 50.42413978945382, 0.9957853969436224
1250, -185.2347290809472, 408.85896212771513, 223.62423304676793, 50.59287988699557, 0.9941234114597255
1260, -286.34283252589444, 409.61968939808867, 123.27685687219423, 50.68701352960054, 0.993199861815084
1270, -378.4342653298301, 409.78120642137753, 31.34694109154742, 50.706999911497206, 0.9930041055270432
1280, -442.6940318743119, 409.4325055814432, -33.26152629286872, 50.66385109651347, 0.9934268707781219
1290, -478.76180609198536, 408.6755364089636, -70.08626968302178, 50.5701824871179, 0.9943464824889948
1300, -540.1236020100813, 407.60792792371683, -132.51567408636447, 50.43807485866005, 0.9956478292724378
1310, -637.2612091233459, 406.32335937618325, -230.93784974716266, 50.2791202355456, 0.9972204297603263
1320, -676.0505851285747, 404.9004079758264, -271.15017715274826, 50.103041890806274, 0.9989711710063973
1330, -655.4259300009792, 403.4147778511131, -252.01115214986606, 49.91920757770971, 1.0008089046555089
1340, -676.1255468604116, 401.9438808941168, -274.1816659662949, 49.73719637099874, 1.0026384417386307
1350, -514.4968689948569, 400.5685356973642, -113.92833329749266, 49.5670088961288, 1.0043582377273104
1360, -483.9997371289786, 399.39259102494793, -84.60714610403068, 49.42149556983237, 1.0058357333761043
1370, -525.6385482940891, 398.5429660004067, -127.09558229368241, 49.31636157303331, 1.0069072969354478
1380, -423.6253322789406, 398.1590418220103, -25.466290456930324, 49.26885416426272, 1.0073926342908472
1390, -346.12026114026463, 398.39364711528816, 52.27338597502353, 49.2978846088001, 1.00709597488101
1400, -264.9658628262933, 399.3521601224526, 134.38629729615928, 49.41649258351399, 1.0058866481091207
1410, -174.65984662600812, 401.0330125405434, 226.37316591453526, 49.62448402401878, 1.0037764448537907
1420, -121.62649977677188, 403.23923566754576, 281.6127358907739, 49.89748569943143, 1.0010267220811533
1430, -136.32207394287872, 405.6045783186973, 269.2825043758186, 50.19017708625718, 0.9981036370975911
1440, -187.92367338053072, 407.69871337619486, 219.77503999566414, 50.449308799745275, 0.9955369687665491
1450, -219.583203638494, 409.19967492763504, 189.61647128914103, 50.635040248780484, 0.9937094557231542
1460, -268.6305196277288, 409.97064555849533, 141.34012593076653, 50.730441421645885, 0.9927746554690142
1470, -261.8911222613388, 410.0416104032529, 148.15048814191408, 50.73922272815886, 0.9926887432761762
1480, -302.7468918487557, 409.53528029543725, 106.78838844668155, 50.67656860852167, 0.993302210493898
1490, -346.5111570631676, 408.60883105816765, 62.09767399500004, 50.561928257387734, 0.994427642658682
1500, -442.2823935096816, 407.3984785509406, -34.883914958741, 50.412157249066446, 0.9959037347656416
1510, -482.2059598157622, 406.02885374243897, -76.17710607332322, 50.24267762443949, 0.9975820220414076
1520, -579.2456260535571, 404.5977857932312, -174.6478402603259, 50.06559492460672, 0.9993446954532746
1530, -561.5728775935543, 403.18200755004904, -158.39087004350523, 49.890404198124465, 1.0010977630020015
1540, -561.3674752915628, 401.86005202043503, -159.50742327112772, 49.72682324840611, 1.002743012556332
1550, -518.1850826602742, 400.7000653754099, -117.48501728486434, 49.583284594644276, 1.0041933840505428
1560, -468.99867600358823, 399.78154593210274, -69.21713007148549, 49.469625489246965, 1.005346316153064
1570, -526.3424813965675, 399.19271984267704, -127.14976155389041, 49.39676318127256, 1.0060875070297912
1580, -500.39073112465684, 399.0260588664145, -101.36467225824236, 49.37614027818143, 1.0062975910804726
1590, -536.2748678633575, 399.37087465018277, -136.90399321317472, 49.41880834993053, 1.0058630798980905
1600, -529.2938015204247, 400.2793197234243, -129.01448179700043, 49.53122083621984, 1.004721014394337
1610, -458.4571135971509, 401.7208068156851, -56.73630678146583, 49.70959281793666, 1.0029167838128457
1620, -315.1234724782424, 403.5582593127275, 88.43478683448512, 49.93696220956538, 1.0006309745957345
1630, -286.4232818164817, 405.53092195277844, 119.10764013629677, 50.1810627264925, 0.998194275498812
1640, -323.7315208090778, 407.3391602129941, 83.60763940391632, 50.40481710044599, 0.9959762458442845
1650, -327.25593598473813, 408.7183402132846, 81.46240422854646, 50.57547910020777, 0.9942944137139045
1660, -265.5189261829163, 409.51433948386244, 143.99541330094615, 50.673977358083555, 0.9933276067822757
1670, -356.75141967775306, 409.7065019339324, 52.95508225617931, 50.69775585545239, 0.9930946318930827
1680, -366.69423875753023, 409.35060552881504, 42.65636677128481, 50.65371664940781, 0.993526244814381
1690, -505.8429963802504, 408.55447014933225, -97.28852623091814, 50.555201549192454, 0.994493798087518
1700, -537.4841791680126, 407.4278865252109, -130.05629264280168, 50.41579624013132, 0.9958677921597408
1710, -445.7446190105561, 406.0831537980648, -39.661465212491294, 50.249396802558614, 0.9975153231772487
1720, -448.75348133626414, 404.62333353546836, -44.13014780079578, 50.06875624421597, 0.9993131458593854
1730, -440.3623586275844, 403.14204258953606, -37.22031603804834, 49.88545886823271, 1.0011473830327038
1740, -451.63840594451915, 401.73410430914794, -49.90430163537121, 49.71123827163068, 1.0029001852846229
1750, -404.7560521670539, 400.50628705415903, -4.249765112894863, 49.55930614672001, 1.0044362858260687
1760, -310.91083831884015, 399.56252436407203, 88.65168604523188, 49.44252340048175, 1.0056218204191028
1770, -204.51883829388166, 399.02707725453365, 194.508238960652, 49.3762662952009, 1.0062963069543776
1780, -108.18654196298411, 399.01463411081556, 290.82809214783146, 49.37472656014833, 1.0063119973462602
1790, -32.53867709182248, 399.6086647036074, 367.06998761178494, 49.448232881922266, 1.005563762278994
1800, 41.92465511778602, 400.81478211360275, 442.73943723138876, 49.5974798323522, 1.0040496692494543
1810, 86.80120857174694, 402.5124336419163, 489.31364221366323, 49.80755002236337, 1.001930073205094
1820, 137.11797867369808, 404.45085669460076, 541.5688353682988, 50.04741367648089, 0.999526200177448
1830, 81.55780494875245, 406.31101511644283, 487.8688200651953, 50.27759273655893, 0.9972355780753471
1840, 36.384240530715886, 407.81095253533147, 444.19519306604735, 50.46319745774916, 0.9953999617527917
1850, -68.58798643930555, 408.778211198077, 340.1902247587714, 50.582887634257155, 0.9942215972525957
1860, -166.05025959705034, 409.1793705451565, 243.12911094810613, 50.632527751124634, 0.9937341104443078
1870, -188.6206618333807, 409.0683951590579, 220.4477333256772, 50.618795474473345, 0.9938688954209652
1880, -214.72726748562482, 408.54483455688967, 193.81756707126485, 50.554009225148604, 0.9945055256625769
1890, -284.2746830028208, 407.71723281032575, 123.44254980750497, 50.451600424959224, 0.9955143587451923
1900, -337.0984656221388, 406.68176772738457, 69.58330210524576, 50.32347027392671, 0.996780908075478
1910, -300.8048834257489, 405.5132826067678, 104.70839918101888, 50.178880004828876, 0.99821598539525
1920, -279.6204007725385, 404.2847210096987, 124.66432023716021, 50.02685577380597, 0.999731550398428
1930, -255.35836611946337, 403.0640898755301, 147.70572375606673, 49.875812871295174, 1.0012441894520903
1940, -214.94812880593747, 401.9074404884378, 186.95931168250036, 49.732687175314354, 1.0026838946461203
1950, -189.93909476527324, 400.9004878098743, 210.96139304460104, 49.60808519605643, 1.0039423391535114
1960, -168.75641084672864, 400.12387974806575, 231.3674689013371, 49.51198643822101, 1.0049161522666101
1970, -30.891388905609517, 399.68035968135104, 368.7889707757415, 49.45710453629083, 1.0054735688241945
1980, 75.06021191203584, 399.6776082477117, 474.73782015974757, 49.45676406937063, 1.0054770297249085
1990, 206.10613966681376, 400.2064862830511, 606.3126259498649, 49.522208306614566, 1.0048124346505387
