step, epotential, ekinetic, etot, T, lambda_T
0, -513.3477311890236, 415.6309749495903, -97.71675623943332, 51.43085988260907, 0.9859913602448497
10, -1133.4235946982778, 408.82087016105777, -724.6027245372201, 50.58816632444156, 0.9941697242051786
20, -592.9379252741269, 402.86945452729384, -190.06847074683304, 49.85172837344331, 1.0014860221072397
30, -1207.6858734570949, 409.37328325659286, -798.312590200502, 50.65652282871131, 0.993498725639728
40, -734.3704032924522, 397.04119292100967, -337.32921037144257, 49.13052970419508, 1.0088097684006117
50, -1148.254146550387, 410.8529157207917, -737.4012308295953, 50.83961498143935, 0.9917081348781062
60, -741.0501591069269, 404.42331461408065, -336.62684449284626, 50.04400557417505, 0.9995602345189563
70, -1003.2513206879436, 404.77119258728834, -598.4801281006553, 50.08705256627775, 0.999130609412882
80, -440.2671982997183, 409.7115124747639, -30.555685824954423, 50.69837586800914, 0.9930885593807606
90, -795.5850770023098, 397.5204420919072, -398.0646349104026, 49.18983278419357, 1.008201476348706
100, -436.79719189471564, 411.69759415682114, -25.0995977378945, 50.94413687924679, 0.9906902705609402
110, -471.3891873928771, 392.60454616791145, -78.78464122496564, 48.581531743841175, 1.0144938072295249
120, -454.57268291837846, 423.17284695481305, -31.39983596356541, 52.36410351874622, 0.9771655911475109
130, -660.3772806133832, 389.5145556491483, -270.86272496423487, 48.19917123900062, 1.0185098109326332
140, -682.217033120804, 424.6646527289103, -257.5523803918937, 52.54870201684653, 0.9754477371404631
150, -744.0105233052336, 385.13636719590704, -358.8741561093266, 47.657407004740605, 1.024282605704347
160, -479.2744825271717, 428.34870255685036, -50.925779970321344, 53.004572396873705, 0.9712439678562722
170, -536.5962000373195, 386.74673835220693, -149.84946168511254, 47.85667697808342, 1.0221478807757058
180, -601.4401690742886, 429.9398590700364, -171.50031000425224, 53.20146471870053, 0.9694450724743215
190, -672.5867395787698, 388.3281018160439, -284.25863776272587, 48.05235749189003, 1.0200645442333558
200, -489.44055202531496, 422.3236817036522, -67.11687032166276, 52.25902641506084, 0.978147490118221
210, -318.0495347734252, 386.7996370391643, 68.75010226573909, 47.863222748540515, 1.0220779839552596
220, 131.9379302992552, 418.9830768696235, 550.9210071688788, 51.84565448299313, 0.9820391948143437
230, -62.430757819701824, 395.1321017687884, 332.70134394908655, 48.894295627644524, 1.011243877305387
240, -113.67901791577825, 412.6789173879951, 298.99989947221684, 51.06556742856564, 0.9895116714443456
250, 189.425195964052, 398.0622947282865, 587.4874906923385, 49.256882519892464, 1.0075150477794925
260, 225.19985050000028, 406.12304960833075, 631.322900108331, 50.25433357568515, 0.9974663261312529
270, -62.42706124232777, 403.85771849477, 341.4306572524422, 49.974017780878505, 1.0002599234964413
280, 60.30253316796484, 400.65061402826865, 460.9531471962335, 49.577165403681335, 1.0042553547323207
290, 557.0523502817655, 412.41989572084924, 969.4722460026147, 51.033515661800294, 0.9898223556945434
300, 317.2156040156882, 398.8149964917276, 716.0306005074158, 49.35002307308061, 1.006563834160411
310, 340.4410788562378, 413.5205486398003, 753.9616274960381, 51.16971226278948, 0.9885041905233733
320, 480.79080540990464, 393.9850060056675, 874.7758114155722, 48.75235211279422, 1.0127149364064634
330, 329.2409166532027, 415.63886753184715, 744.8797841850499, 51.4318365237081, 0.9859819986866958
340, 70.5059209404231, 396.5752469095905, 467.08116785001357, 49.07287277901266, 1.0094022321310034
350, 244.7400938210225, 413.3249250876183, 658.0650189086408, 51.14550548295737, 0.988738088619132
360, 470.8761326686439, 397.35463691348724, 868.2307695821312, 49.169315778933885, 1.008411801805408
370, 394.07051032393764, 409.5900686611292, 803.6605789850669, 50.68334821093085, 0.9932357742824981
380, 242.68534446652143, 398.71672932132924, 641.4020737878507, 49.337863331924574, 1.0066878646798827
390, 560.762157926393, 405.33909666981396, 966.1012545962069, 50.157325950735384, 0.998430443502474
400, 844.3979844752889, 404.8693314286536, 1249.2673159039425, 50.09919642778833, 0.999009509275823
410, 1081.2220974374432, 403.62218220673697, 1484.84427964418, 49.944872133520136, 1.0005517349462978
420, 1222.2462406281174, 406.2778719121141, 1628.5241125402315, 50.2734915419882, 0.9972762533259238
430, 1238.1929743304197, 399.38281980975665, 1637.5757941401764, 49.42028646360672, 1.0058480375824912
440, 1215.2005548816148, 409.54949982911035, 1624.7500547107252, 50.67832815698657, 0.9932849666481157
450, 1130.5232894624316, 399.15041320121827, 1529.67370266365, 49.391528087932286, 1.006140824093015
460, 1207.293469081451, 411.14448950813045, 1618.4379585895813, 50.87569480105307, 0.9913564247275077
470, 1164.9239349439163, 400.2676886176298, 1565.191623561546, 49.52978158407442, 1.004735612039678
480, 919.5345355351205, 409.8667716481061, 1329.4013071832267, 50.71758789326934, 0.992900448604532
490, 1163.0092715149062, 398.99487734536285, 1562.0041488602692, 49.37228182552321, 1.006336911480657
500, 1388.6529861633028, 407.4409242519305, 1796.0939104152333, 50.417409549861624, 0.9958518586154897
510, 1389.4066305691945, 403.24258333306875, 1792.6492139022632, 49.89789994506475, 1.0010225668781332
520, 1351.037471091849, 405.50893965284837, 1756.5464107446974, 50.178342600573735, 0.9982213307699076
530, 1354.7923066624487, 403.9566066489709, 1758.7489133114195, 49.98625436359078, 1.0001374847119646
540, 1402.9537534007006, 402.71253824762454, 1805.6662916483251, 49.83231129512293, 1.0016811167970374
550, 1205.0305783863448, 405.96181573603326, 1610.992394122378, 50.234382231357486, 0.9976643858829707
560, 1402.2998472179243, 399.9015783215123, 1802.2014255394365, 49.48447849437212, 1.0051954250542996
570, 1418.2859034935793, 408.2893372104423, 1826.5752407040216, 50.52239356361831, 0.9948166454503794
580, 1398.8871321784457, 401.278474606787, 1800.1656067852327, 49.65485790348482, 1.0034693928358398
590, 1412.2026856494506, 408.2331055971361, 1820.4357912465866, 50.51543537137753, 0.9948851580451813
600, 1424.5627215494515, 399.93764255094726, 1824.5003641003987, 49.488941141389866, 1.0051501024691518
610, 1612.4439629848107, 408.177272161838, 2020.6212351466488, 50.508526450337826, 0.9949531995071387
620, 1663.5785919252987, 402.82460496271807, 2066.4031968880167, 49.846178614617536, 1.0015417721301025
630, 1540.2922967835727, 405.59178681306565, 1945.8840835966384, 50.18859424432893, 0.9981193760105186
640, 1509.3960427382583, 403.44701431955554, 1912.843057057814, 49.923196571291754, 1.0007689202362198
650, 1580.0494674456502, 403.86050205102714, 1983.9099694966774, 49.97436222270422, 1.0002564764094495
660, 1289.5893381454061, 404.0634988073052, 1693.6528369527114, 49.99948137492821, 1.000005186291064
670, 1292.3485076439329, 401.2141171031583, 1693.5626247470911, 49.646894200221546, 1.003549871304499
680, 1124.5753291086032, 407.0463401795355, 1531.6216692881387, 50.36858306828932, 0.9963344229577479
690, 910.0169080553453, 402.5550642393944, 1312.5719722947397, 49.81282520255387, 1.001877019582956
700, 1051.9222374951096, 406.45159451182684, 1458.3738320069365, 50.29498826197003, 0.99706310624776
710, 1147.0172018756107, 400.9055112318222, 1547.9227131074329, 49.60870680254368, 1.0039360493400293
720, 1042.1654578763112, 407.112872606888, 1449.2783304831992, 50.37681590018842, 0.9962530066471891
730, 1054.191367013711, 401.9048669463907, 1456.0962339601017, 49.73236872099211, 1.0026871049145745
740, 954.8688513425982, 405.662651015303, 1360.5315023579012, 50.197363097171056, 0.9980321927039407
750, 873.1145724326715, 404.0868087559667, 1277.2013811886382, 50.00236578628283, 0.9999763429766804
760, 633.8741382815314, 405.11859263504925, 1038.9927309165805, 50.13004041910024, 0.9987021269004446
770, 689.1341311074791, 403.90171002196655, 1093.0358411294455, 49.979461364748886, 1.0002054496495094
780, 877.2878458826403, 402.72501147707237, 1280.0128573597126, 49.833854753033144, 1.0016656046053538
790, 1105.330033263071, 406.1550139679743, 1511.4850472310454, 50.25828889807725, 0.9974270751081046
800, 1069.355312378036, 402.7470751660467, 1472.1023875440826, 49.836584950166, 1.0016381671111925
810, 1099.4458629562232, 405.4923585201835, 1504.9382214764066, 50.17629082396857, 0.9982417398735138
820, 1108.0798245232895, 402.434994354755, 1510.5148188780445, 49.79796755770736, 1.0020264676781923
830, 1243.309398311506, 405.82670305235405, 1649.13610136386, 50.21766316583666, 0.9978304492468083
840, 1230.7847999239762, 401.63920528515104, 1632.4240052091272, 49.69949531044552, 1.0030186605557565
850, 1508.4505585564434, 404.8405841691683, 1913.2911427256117, 50.09563919465676, 0.9990449778984248
860, 1540.829949450102, 404.1510756586317, 1944.9810251087338, 50.010318278433964, 0.999896833182945
870, 1387.4290310107579, 404.94981425661143, 1792.3788452673693, 50.10915550518423, 0.9989102289415543
880, 1312.6662336800744, 403.49754973682656, 1716.163783416901, 49.9294499068741, 1.0007062484075655
890, 1576.8097847274914, 403.7751665876351, 1980.5849513151265, 49.96380267222494, 1.000362169933375
900, 1637.961299456032, 405.0652847356526, 2043.0265841916846, 50.12344401202341, 0.9987678409507876
910, 1522.4869497399234, 402.7906077826782, 1925.2775575226015, 49.84197174768889, 1.0015840383558234
920, 1788.6530905076722, 405.0075862360546, 2193.660676743727, 50.11630430486222, 0.9988389820300344
930, 1908.701066104556, 403.5613228765699, 2312.2623889811257, 49.93734129998985, 1.0006271765326924
940, 1904.3127468429975, 404.7554359530777, 2309.0681827960752, 50.08510281446628, 0.9991500566900925
950, 2005.128552487671, 401.7848166177107, 2406.9133691053817, 49.71751349603216, 1.0028368914685195
960, 2100.222938544617, 404.95849624180795, 2505.181434786425, 50.110229828300305, 0.9988995209672998
970, 1662.8579040586128, 404.2039337962059, 2067.061837854819, 50.01685903124375, 0.9998314523096268
980, 1500.505441835688, 404.61734210356633, 1905.1227839392545, 50.06801485458617, 0.9993205445715448
990, 1566.285115855423, 403.7174577161169, 1970.0025735715399, 49.95666168162529, 1.0004336651188737
1000, 1264.490778223136, 404.5216508731128, 1669.0124290962488, 50.05617386447217, 0.999438734238029
1010, 1224.4300436564208, 404.57068417002085, 1629.0007278264416, 50.062241325212234, 0.9993781672431137
1020, 1433.6255216523607, 403.57640677572283, 1837.2019284280836, 49.93920780645972, 1.000608476851293
1030, 1730.0169616995358, 405.68237060731775, 2135.6993323068536, 50.199803231893874, 0.99800793600923
1040, 1308.9943533107873, 404.9926081414278, 1713.9869614522152, 50.114450890818304, 0.9988574522022873
1050, 1478.8976424918726, 404.5918162678313, 1883.489458759704, 50.064856245723504, 0.9993520678114122
1060, 1627.6312064957108, 402.77754321610695, 2030.4087497118178, 49.84035511675123, 1.0016002820062688
1070, 1825.5661098608068, 405.10730652184156, 2230.6734163826486, 50.128643856904475, 0.9987160385068018
1080, 1826.4083105908062, 403.74616545973055, 2230.1544760505367, 49.96021402499797, 1.0003980973461466
1090, 1974.3155304216136, 404.2069257589056, 2378.5224561805194, 50.017229261625154, 0.9998277518980846
1100, 2067.8178425991846, 404.07347061854966, 2471.891313217734, 50.00071530323913, 0.9999928470443565
1110, 1796.8254138971001, 404.5074376894969, 2201.332851586597, 50.054415101773785, 0.9994562927303322
1120, 1769.2169526790124, 403.38382385725487, 2172.6007765362674, 49.91537727964032, 1.0008473028715232
1130, 1484.2498333392787, 402.75215886820985, 1887.0019922074885, 49.83721401582615, 1.0016318455483242
1140, 1636.9986937747449, 404.97974991171856, 2041.9784436864634, 50.11285979234304, 0.9988733090897306
1150, 1695.3169614724543, 404.3139916221128, 2099.6309530945673, 50.03047776748901, 0.9996953615885177
1160, 2283.490755661167, 404.2899295831573, 2687.780685244324, 50.02750029124543, 0.9997251104754796
1170, 2498.5638999889757, 403.346555276361, 2901.9104552653366, 49.91076560419383, 1.0008935401538335
1180, 2262.7869090257886, 405.2376809697041, 2668.0245899954925, 50.1447766053386, 0.9985553704192126
1190, 2184.4742511960485, 403.3067892824118, 2587.7810404784605, 49.90584489475165, 1.00094288292026
1200, 2400.1622515522777, 404.279243939497, 2804.4414954917747, 50.02617803213826, 0.9997383224271941
1210, 2331.226366960882, 404.8237723311969, 2736.0501392920787, 50.09355887019783, 0.9990657222433338
1220, 2284.494033633944, 404.1752732917813, 2688.6693069257253, 50.01331253332596, 0.999866901244375
1230, 2324.7510509344575, 403.28076689670416, 2728.031817831162, 49.90262484197935, 1.0009751761806156
1240, 2510.470516709521, 403.25241837418946, 2913.72293508371, 49.8991169492158, 1.0010103596876876
1250, 2126.1774234116397, 405.1495560882337, 2531.3269794998732, 50.133871887682204, 0.9986639633915192
1260, 1956.5406904339286, 403.99698597166787, 2360.5376764055964, 49.99125096734014, 1.000087501810109
1270, 2016.0249826887969, 404.69010436764154, 2420.7150870564383, 50.07701857671936, 0.9992307028713588
1280, 1844.0855244030217, 404.5646434365684, 2248.6501678395903, 50.06149383492757, 0.9993856282937633
1290, 1475.4249948734341, 405.13783559599136, 1880.5628304694255, 50.13242157471084, 0.9986784087821422
1300, 1845.725122600366, 403.12982877925646, 2248.8549513796224, 49.8839475112767, 1.001162549029746
1310, 1866.2828077063298, 404.18334968085986, 2270.4661573871895, 50.01431191898317, 0.9998569115274951
1320, 1551.3883487938383, 404.37370392965573, 1955.762052723494, 50.03786666655478, 0.9996215482814664
1330, 1687.144328618123, 403.74037270125126, 2090.884701319374, 49.959497219544, 1.000405274042071
1340, 2004.240143983591, 403.2576773702361, 2407.497821353827, 49.899767706029174, 1.0010038324385078
1350, 2051.679388496606, 404.36611590116985, 2456.045504397776, 50.03692771143987, 0.9996309273081717
1360, 1853.3694483533661, 404.5429966936874, 2257.9124450470536, 50.05881523138951, 0.9994123660627057
1370, 1861.3079789005806, 403.82516879330433, 2265.133147693885, 49.9699900273274, 1.000300234884098
1380, 1884.8810256929592, 404.0596010570498, 2288.940626750009, 49.998999060906094, 1.0000100095412234
1390, 1869.7667171953424, 404.66000928920715, 2274.4267264845494, 50.073294562256045, 0.999267859208266
1400, 1962.6657986444825, 404.2663796823019, 2366.932178326784, 50.02458618781199, 0.9997542287568361
1410, 2191.3333370686787, 403.4682373686327, 2594.8015744373115, 49.925822746262234, 1.000742598898807
1420, 2158.609707243824, 404.67897147995933, 2563.288678723783, 50.07564097490193, 0.9992444474040132
1430, 1677.679803599844, 404.2647113151943, 2081.9445149150383, 50.024379741324324, 0.9997562917063136
1440, 1790.8437226636106, 403.69661838811385, 2194.5403410517247, 49.95408298893113, 1.0004594866086947
1450, 1981.437623237009, 403.66847411893673, 2385.1060973559456, 49.95060037081124, 1.0004943626420306
1460, 1997.9704454645419, 404.8364711287847, 2402.8069165933266, 50.095130240280376, 0.9990500529129003
1470, 1875.5955111508113, 403.80809980367457, 2279.403610954486, 49.967877882499664, 1.0003213760324763
1480, 2093.3236904917717, 403.33129212452667, 2496.654982616298, 49.90887691670259, 1.0009124782400243
1490, 2203.354266965655, 404.38153407212326, 2607.7358010377784, 50.03883558125166, 0.9996118702715088
1500, 2145.1012556105657, 404.2776555580027, 2549.3789111685683, 50.02598148320183, 0.9997402863797759
1510, 2167.540093853205, 404.0164753984993, 2571.556569251704, 49.993662621044926, 1.0000633798145429
1520, 2471.341994110477, 403.8555279243467, 2875.197522034824, 49.97374671609437, 1.0002626362695513
1530, 2400.8118244480243, 405.17943791075965, 2805.991262358784, 50.13756951350895, 0.9986271371773136
1540, 1699.4255693247148, 404.0070226500147, 2103.4325919747293, 49.99249292241292, 1.0000750792303608
1550, 1918.6414246926101, 403.8250853504019, 2322.466510043012, 49.96997970196552, 1.0003003382307616
1560, 1821.0042116341717, 404.0699816785879, 2225.0741933127597, 50.00028357607459, 0.9999971642513164
1570, 1740.9178710929164, 404.7344299485114, 2145.6523010414276, 50.082503496940255, 0.9991759846527051
1580, 1794.8130722121223, 403.6340484824895, 2198.447120694612, 49.94634048598263, 1.0005370274283139
1590, 1757.2972173541639, 403.9794655249156, 2161.2766828790795, 49.98908295846615, 1.0001091882958613
1600, 1766.1435571164677, 404.46218969301697, 2170.6057468094846, 50.04881604032941, 0.9995121967570009
1610, 1829.9448830432082, 403.62839053665516, 2233.5732735798633, 49.9456403624669, 1.00054404002282
1620, 1948.9846447229688, 402.97816549550106, 2351.9628102184697, 49.86518044730341, 1.001350928114529
1630, 2356.744139114365, 403.7639944964954, 2760.5081336108606, 49.96242021930725, 1.0003760097756815
1640, 2412.5032342705485, 404.5455545934977, 2817.0487888640464, 50.05913175011565, 0.9994092064670638
1650, 2490.823712020214, 403.29247234864033, 2894.116184368854, 49.904073293838515, 1.000960649562047
1660, 2730.264876373777, 403.32518816468456, 3133.590064538462, 49.90812160268056, 1.0009200521613122
1670, 2895.6118759190163, 404.0837315582534, 3299.6956074772697, 50.001985008780764, 0.9999801505032118
1680, 2646.963660049881, 403.7504149600307, 3050.714075009912, 49.96073986514868, 1.0003928327036302
1690, 2767.8671035971715, 403.686106893648, 3171.5532104908198, 49.95278227933147, 1.000472511897056
1700, 2983.0970681939225, 404.45616176274046, 3387.553229956663, 50.04807013433078, 0.9995196449899041
1710, 3016.6606296555824, 405.03718622158146, 3421.697815877164, 50.119967055715534, 0.9988024839496127
1720, 2822.875558304956, 403.5769554624826, 3226.4525137674386, 49.93927570186108, 1.0006077966578355
1730, 2974.5636492865196, 403.2157006981396, 3377.7793499846593, 49.894573443640056, 1.0010559357123092
1740, 2725.064228422095, 404.29441091765295, 3129.3586393397477, 50.02805481894049, 0.9997195698163491
1750, 2246.9804425105262, 404.1392591299647, 2651.119701640491, 50.008856081757585, 0.9999114509452156
1760, 2348.7934594435874, 403.64950660484254, 2752.4429660484298, 49.948253299446264, 1.0005178690104122
1770, 2420.1864198874523, 404.16248595043976, 2824.348905837892, 50.01173020669381, 0.9998827185686899
1780, 2245.421324124984, 404.48698290816014, 2649.9083070331444, 50.051883993516064, 0.999481563508301
1790, 2265.15343394832, 403.1633316858508, 2668.3167656341707, 49.88809321599691, 1.0011209498197096
1800, 2552.806483559433, 404.00314083244075, 2956.809624391874, 49.99201257992699, 1.000079883771836
1810, 2205.309695943849, 404.7566835494765, 2610.0663794933253, 50.08525719409495, 0.9991485168304388
1820, 2337.878705927707, 405.2880138675477, 2743.1667197952547, 50.15100488083417, 0.9984933629772377
1830, 2323.4044473708345, 403.8792720580304, 2727.283719428865, 49.976684854217176, 1.0002332330289296
1840, 2411.422143729959, 404.6899965843709, 2816.1121403143297, 50.07700523944032, 0.9992308359366027
1850, 2338.181736925574, 404.8065055533854, 2742.9882424789594, 50.09142225073545, 0.9990870292896119
1860, 2122.623410174773, 404.0359161934883, 2526.6593263682616, 49.9960682569656, 1.0000393197492865
1870, 1954.4634859537277, 403.95285247067136, 2358.4163384243993, 49.985789815398434, 1.0001421321425932
1880, 1618.3558951078332, 404.8189349572309, 2023.1748300650643, 50.092960285593605, 0.9990716913812129
1890, 1394.2251916777905, 404.5478860490921, 1798.7730777268825, 50.059420248262384, 0.9994063266083091
1900, 1536.9104013671013, 403.03977753373607, 1939.9501789008373, 49.87280442216701, 1.0012743877417134
1910, 1770.0239798723524, 403.65654231053554, 2173.680522182888, 49.9491239092311, 1.0005091494936904
1920, 1640.694928424488, 404.2688607706422, 2044.9637891951302, 50.02489320176061, 0.9997511608945707
1930, 1485.610462116679, 403.9231542627625, 1889.5336163794414, 49.982114910346155, 1.0001788988923104
1940, 1655.5889433607467, 403.96500826680153, 2059.5539516275485, 49.98729399358825, 1.0001270842856367
1950, 1948.0869887223803, 404.6922840514448, 2352.779272773825, 50.07728829437524, 0.9992280119256733
1960, 2126.1919209944817, 404.5430346587272, 2530.734955653209, 50.05881992924592, 0.9994123191669148
1970, 2300.8000028879046, 403.1607071597541, 2703.9607100476587, 49.887768452824595, 1.0011242084008856
1980, 2391.2193522143953, 404.3685213292057, 2795.587873543601, 50.03722536305808, 0.9996279540996909
1990, 2432.010952678679, 404.98314009762396, 2836.994092776303, 50.11327929951836, 0.9988691282079043
