step, epotential, ekinetic, etot, T, lambda_T
0, -460.2641940682746, 413.741101485263, -46.52309258301159, 51.19700383434061, 0.9999883097570037
10, -476.54431535033075, 429.55051500528003, -46.993800345050715, 53.15328664428478, 0.999970337361888
20, -504.3356822971675, 472.1183689262221, -32.21731337094542, 58.42070284390002, 0.9999279278929061
30, -617.6748453932059, 536.2415558613453, -81.43328953186062, 66.355411374434, 0.9998767514284947
40, -690.1306110518517, 614.1905540325798, -75.94005701927188, 76.00094850847638, 0.9998289286303791
50, -817.574468832986, 696.4789441188016, -121.09552471418442, 86.18344912937752, 0.9997900568605275
60, -914.8293397510781, 773.0564525404536, -141.7728872106245, 95.65927586791878, 0.9997613157470665
70, -1007.0163688081684, 834.3505263993092, -172.66584240885925, 103.24390529706908, 0.999742111790924
80, -1050.5169443232394, 872.5106795651079, -178.00626475813146, 107.96590536168681, 0.9997315185400537
90, -1074.7146356494914, 882.3572707086287, -192.35736494086268, 109.18433873154135, 0.999728933829052
100, -1094.8282052671586, 862.1862543954527, -232.64195087170594, 106.6883440241724, 0.9997342920784156
110, -993.702936544272, 814.0699837757707, -179.63295276850135, 100.7343576240618, 0.9997481457744078
120, -961.0801612146272, 743.8264877739981, -217.2536734406291, 92.04231199158713, 0.9997715881255488
130, -829.5157585698221, 660.2176803762292, -169.29807819359291, 81.69642076259912, 0.9998059921386863
140, -824.7951917329592, 573.9391134598814, -250.85607827307786, 71.02016910333532, 0.9998520017274092
150, -681.1486616228691, 496.23204632578825, -184.91661529708085, 61.40456891341502, 0.9999071315155994
160, -672.5517149588125, 437.36709333051243, -235.18462162830002, 54.12052289190859, 0.9999619312498772
170, -675.1411997007448, 405.21030430174454, -269.93089539900024, 50.14138897145483, 0.9999985900961857
180, -711.0461109201311, 404.0959554759653, -306.95015544416583, 50.003497616447056, 0.9999999650262814
190, -666.3980201715628, 434.11984204909453, -232.27817812246832, 53.71870268185692, 0.9999653866637161
200, -783.4897940650169, 491.06804363637764, -292.42175042863926, 60.765566734174875, 0.9999114132873518
210, -769.0071007313211, 567.0275267675173, -201.97957396380377, 70.16491800761371, 0.9998562930905972
220, -854.4198832763502, 651.4792938469694, -202.9405894293808, 80.61511845292178, 0.9998100974962242
230, -900.9037533943928, 732.8671106259196, -168.03664276847314, 90.6861806527911, 0.9997756507947073
240, -945.9789207306935, 800.1835104901756, -145.79541024051787, 99.0160225988591, 0.9997524537497594
250, -1038.0108037237153, 844.6063462285182, -193.4044574951971, 104.51297729701159, 0.9997391707282464
260, -1070.4026709306247, 860.5574020558471, -209.84526887477762, 106.4867871588356, 0.9997347357281443
270, -1059.1662970437983, 846.3769643825136, -212.78933266128467, 104.73207649719701, 0.9997386701819331
280, -1041.9083513099094, 804.4036960108725, -237.50465529903693, 99.53823529058617, 0.9997511287987316
290, -875.1539089117314, 740.5409794676916, -134.61292944403976, 91.63575779440467, 0.9997727934526192
300, -703.7917907268794, 663.2234867879552, -40.56830393892426, 82.06836418768786, 0.9998046049911534
310, -599.4475300771111, 582.2557136039057, -17.191816473205336, 72.04927887254557, 0.9998469730272537
320, -528.4155185726684, 507.57493066795905, -20.84058790470931, 62.808156062658604, 0.9998980322787027
330, -416.3978445486682, 447.97175003262487, 31.57390548395665, 55.432760539777995, 0.9999509956422465
340, -314.45630498113076, 410.22002241328516, 95.76371743215441, 50.76129972348015, 0.9999925011516443
350, -270.9101314468745, 398.3208225679704, 127.41069112109591, 49.28887317963613, 1.0000072138416798
360, -309.0104903390329, 413.1820046941381, 104.17151435510516, 51.127820278594676, 0.9999889705204318
370, -435.67678535972425, 452.61676094560585, 16.939975585881598, 56.00754182369864, 0.9999463670183194
380, -575.7977004825035, 511.7829651981429, -64.0147352843606, 63.328865170850825, 0.9998947591549106
390, -687.1685430142434, 583.6446068116827, -103.52393620256066, 72.22114280056428, 0.9998461471844461
400, -849.185210302433, 659.8236808752368, -189.36152942719616, 81.64766661685286, 0.9998061749019804
410, -859.3689308520475, 731.5152774797959, -127.85365337225153, 90.51890259770536, 0.9997761603554023
420, -832.0869402008002, 790.4348752563321, -41.652064944468066, 97.80971045424744, 0.9997555684704171
430, -843.4676414870411, 829.7477033856226, -13.719938101418506, 102.67434441313814, 0.9997434553770908
440, -888.2614798248443, 844.8453240845283, -43.41615574031596, 104.54254880964727, 0.9997391030477475
450, -818.9638291071774, 833.8450613738262, 14.881232266648794, 103.18135822414139, 0.9997422586136614
460, -899.9423561783308, 797.9299892525382, -102.01236692579255, 98.73716817750739, 0.9997531669948081
470, -796.4553736047126, 741.432746221853, -55.02262738285958, 91.74610647808207, 0.9997724652414892
480, -778.652313970312, 671.2883144388279, -107.36399953148407, 83.06631921483601, 0.9998009445291974
490, -745.0920723594734, 596.3310874133662, -148.76098494610721, 73.79098875900796, 0.9998387817599113
500, -845.8385647153736, 526.1785402474676, -319.66002446790606, 65.11019728494843, 0.999883957700353
510, -813.1605420954752, 470.06285189315196, -343.09769020232324, 58.1663497882189, 0.9999297993043251
520, -742.5842399935609, 435.59777065682937, -306.98646933673155, 53.901583996586, 0.9999638076071945
530, -669.8952858205604, 427.69033117140305, -242.20495464915734, 52.92310443967979, 0.9999723830939744
540, -680.2337720890126, 447.7237539805658, -232.51001810844684, 55.40207310074283, 0.9999512454634872
550, -784.6254571717329, 493.3123322786856, -291.31312489304736, 61.043278699007786, 0.9999095414070418
560, -871.8669153537631, 558.4603470648909, -313.4065682888722, 69.10480111202297, 0.9998617598095825
570, -981.7840249590502, 634.3953916289743, -347.3886333300759, 78.50112831701223, 0.9998184502799583
580, -989.9619969428616, 710.8371124783815, -279.12488446448003, 87.96015247821245, 0.9997841963217384
590, -1004.8544326076064, 777.3547048583716, -227.4997277492348, 96.19114867342793, 0.9997598703419761
600, -1026.3730667724496, 824.9365308755606, -201.43653589688904, 102.07900202012696, 0.9997448758062697
610, -1043.8997243207984, 847.2301415570065, -196.66958276379194, 104.83765004286865, 0.9997384297391836
620, -1103.03381573559, 841.4251478158827, -261.6086679197073, 104.11933057749344, 0.9997400753315161
630, -980.74715065098, 808.5258092262949, -172.22134142468508, 100.04831235408788, 0.9997498479894245
640, -949.8776141091145, 753.0595319824104, -196.8180821267041, 93.18482405539658, 0.9997682571762108
650, -908.2248547638344, 682.3799395140663, -225.84491524976806, 84.43881512947328, 0.9997960515711528
660, -825.6849254490382, 605.6026776207173, -220.082247828321, 74.93827056807207, 0.9998335940668915
670, -738.6777344964335, 532.2530724572985, -206.424662039135, 65.86186988339733, 0.9998795750481162
680, -634.4791590995778, 471.1666140066066, -163.31254509297122, 58.30293112604557, 0.9999287923729372
690, -489.8202398207856, 429.3102271194426, -60.510012701343044, 53.12355302640538, 0.9999706006209639
700, -445.8357012844758, 411.085426484257, -34.75027480021879, 50.8683862454156, 0.9999914643453857
710, -434.04577065004696, 417.925560618338, -16.12021003170895, 51.7147956841511, 0.999983420509771
720, -563.0739512961209, 448.2893657935605, -114.78458550256039, 55.47206283600163, 0.999950676092511
730, -573.9389409429998, 497.9562187438277, -75.98272219917209, 61.617920841904954, 0.9999057216766809
740, -574.5404503811799, 560.6760073726872, -13.864443008492685, 69.37897055969599, 0.9998603299830738
750, -631.8286029803803, 628.8312031960165, -2.997399784363779, 77.8126064962057, 0.9998212687284099
760, -715.4454171058487, 694.40121820301, -21.04419890283873, 85.92634791005068, 0.9997909249908359
770, -720.6242443444668, 749.7800454639868, 29.155801119519992, 92.77901500414286, 0.9997694309034738
780, -754.641801822498, 788.632706494231, 33.990904671733006, 97.58670712996518, 0.9997561527016223
790, -829.8765146614751, 806.5011290393429, -23.37538562213217, 99.79777510042229, 0.9997504754554443
800, -886.3646921115401, 801.2136350731015, -85.15105703843858, 99.1434919076432, 0.9997521290488214
810, -796.4017220989026, 773.238191746013, -23.163530352889666, 95.68176457588245, 0.9997612543069638
820, -725.0424411250958, 725.6732850455636, 0.6308439204677825, 89.79600485324175, 0.9997783842659961
830, -773.8588252648506, 663.9597996740218, -109.89902559082873, 82.15947675425645, 0.999804267105472
840, -743.0553194323927, 595.3893595172643, -147.66595991512838, 73.67445780152137, 0.9998393177181495
850, -662.5935518235373, 528.2018295068505, -134.3917223166868, 65.36056242295079, 0.9998824867439831
860, -571.4102322410412, 470.7172364995099, -100.69299574153126, 58.24732441481648, 0.9999292017577112
870, -555.8926568871684, 430.30121139241044, -125.59144549475798, 53.24617904891264, 0.9999695167936495
880, -498.4497320775974, 412.3100763466805, -86.1396557309169, 51.01992643196497, 0.9999900045766369
890, -467.79746570578885, 419.3019616759262, -48.49550402986267, 51.88511381297602, 0.99998183360508
900, -476.6766997629832, 450.62708833242436, -26.049611430558855, 55.761336464742385, 0.9999483379913846
910, -503.7888015350456, 502.2976544388712, -1.4911470961744158, 62.15513722946658, 0.999902214586775
920, -503.03840099008, 567.3927685825022, 64.3543675924222, 70.2101136300334, 0.9998560636981324
930, -492.2392564678988, 637.0648565439745, 144.82560007607572, 78.83145229255705, 0.9998171155794621
940, -624.6684243645377, 701.6991865413838, 77.03076217684611, 86.82941050562394, 0.9997878983831967
950, -597.0989712788441, 752.3339896778107, 155.23501839896653, 93.09504425827895, 0.9997685159662021
960, -644.388850385926, 781.8633855850235, 137.47453519909743, 96.74906023604902, 0.9997583712505171
970, -643.9154126114453, 786.1088491990314, 142.19343658758612, 97.27440088058408, 0.9997569753934642
980, -617.1779065247154, 764.3621751899169, 147.18426866520156, 94.58343170050506, 0.9997642891259176
990, -633.1725277872189, 719.4906902699914, 86.31816248277255, 89.03096041531947, 0.9997807771648137
1000, -583.8383488688694, 657.4104076292306, 73.57205876036119, 81.34904421945129, 0.999807299118843
1010, -477.62009686604347, 586.1992026830602, 108.57910581701674, 72.53725269187699, 0.9998446384257538
1020, -350.4006693751933, 514.964200628623, 164.5635312534297, 63.72251647101789, 0.9998923202025776
1030, -268.631839372083, 452.5711431197169, 183.93930374763391, 56.001896998955424, 0.9999464120133451
1040, -178.70024751252936, 406.5181196688522, 227.81787215632284, 50.303220194226896, 0.99999698607117
1050, -152.21560297598552, 381.96551432359496, 229.74991134760944, 47.2650404593838, 1.00002893174269
1060, -139.16227201082717, 381.3099603082585, 242.14768829743133, 47.183921128197426, 1.000029841064368
1070, -191.93862152306082, 403.9076902598062, 211.96906873674538, 49.98020136920701, 1.0000001980647166
1080, -214.9887019328565, 446.29999927868005, 231.31129734582356, 55.225895354152186, 0.9999526850678019
1090, -259.7304369718165, 502.8367909309374, 243.1063539591209, 62.22185086500451, 0.9999017832889928
1100, -332.03100986483423, 566.3779454099955, 234.34693554516127, 70.0845377429207, 0.9998567017952033
1110, -467.83349563213386, 629.1819008142874, 161.3484051821535, 77.85600239582227, 0.9998210896165645
1120, -531.8490535772684, 683.8381271312207, 151.98907355395238, 84.61925366158587, 0.9997954201099204
1130, -574.3848949413698, 724.1049978351936, 149.72010289382376, 89.60194241652849, 0.9997789873852261
1140, -673.7812089530045, 745.5304980369049, 71.74928908390041, 92.25316902186673, 0.9997709671726973
1150, -730.3507787310842, 745.7912817250339, 15.440502993949622, 92.28543882400422, 0.9997708723916866
1160, -747.8692700566342, 724.9990789454863, -22.870191111147847, 89.71257748243697, 0.9997786432270284
1170, -692.9561659551446, 685.6129091829367, -7.3432567722078375, 84.83886810931813, 0.999794655172542
1180, -666.2543253370886, 632.2357279266647, -34.01859741042392, 78.2338879813262, 0.9998195383323835
1190, -660.293467092919, 571.08884750897, -89.2046195839489, 70.66747251048088, 0.9998537588574763
1200, -607.1811014387039, 509.4164078342419, -97.76469360446197, 63.03602347347322, 0.9998965932747959
1210, -430.5787723662181, 454.63994099414896, 24.06116862793084, 56.257893447772204, 0.9999443805384506
1220, -431.58882173318494, 413.56539978205615, -18.023421951128796, 51.17526221683998, 0.9999885172159985
1230, -382.5350425654104, 391.50802988641504, 8.972987321004666, 48.445847017168724, 1.0000160399767404
1240, -374.4781046311955, 391.56043824124606, 17.08233361005057, 48.452332113122694, 1.0000159709085266
1250, -394.7182898079079, 414.09386376395196, 19.375573956044036, 51.24065521843036, 0.9999878937659655
1260, -519.9913113000513, 456.50704804293025, -63.48426325712103, 56.48893234236699, 0.9999425629195728
1270, -551.8476813728574, 513.4992605273427, -38.34842084551474, 63.54124237542264, 0.9998934395725682
1280, -562.2409825263146, 577.6402451999268, 15.399262673612157, 71.4781532272386, 0.9998497459295699
1290, -586.8370431652979, 640.3436974792891, 53.506654313991135, 79.23718145829591, 0.9998154914244527
1300, -630.5361475782249, 693.0836788520198, 62.5475312737949, 85.76331342553273, 0.9997914781909587
1310, -651.1304673733495, 728.564476398118, 77.43400902476856, 90.15376562255177, 0.9997772791996948
1320, -547.2026682028097, 741.7592582588346, 194.5565900560249, 91.78650961412366, 0.9997723452674058
1330, -488.46121191972463, 730.6637331047784, 242.2025211850538, 90.41353109732414, 0.9997764823047984
1340, -397.5162013224792, 696.5764000797375, 299.06019875725826, 86.19550849014153, 0.9997900162679167
1350, -340.7533938985775, 643.9631432708954, 303.20974937231796, 79.68505762869775, 0.9998137177554407
1360, -202.53336783323692, 579.7687386187947, 377.2353707855578, 71.74153650082673, 0.9998484616790765
1370, -114.93739700399482, 512.3528001319567, 397.41540312796184, 63.39937748202, 0.9998943200542784
1380, 9.415577127200265, 450.46692377268346, 459.8825008998837, 55.74151743890776, 0.999948497407695
1390, 56.591474423665375, 401.9450815477471, 458.5365559714125, 49.73734494185209, 1.000002640417494
1400, 112.37726020384531, 372.71436061616953, 485.09162082001484, 46.12028749640557, 1.0000420599168578
1410, 137.82272244165574, 366.0860038422509, 503.9087262839066, 45.30008373624862, 1.0000518740141024
1420, 162.9803796790152, 382.3452309387328, 545.325610617748, 47.31202721736213, 1.0000284064619862
1430, 106.71599925208756, 418.8833552944214, 525.599354546509, 51.83331477139653, 0.9999823151288839
1440, -21.558320480114332, 470.61242535232776, 449.05410487221343, 58.23435491121894, 0.9999292973535174
1450, -52.272934858551366, 530.7267236538943, 478.4537887953429, 65.67299697408302, 0.999880666842491
1460, -148.89539225818453, 591.6689192186801, 442.7735269604956, 73.21408440485308, 0.9998414517847536
1470, -228.75961409072303, 646.0840648047963, 417.32445071407324, 79.94750394479652, 0.9998126876544089
1480, -298.0250038048503, 687.6787389047888, 389.6537350999385, 85.09449727405685, 0.9997937697645276
1490, -324.9298403052793, 711.8771040602599, 386.94726375498055, 88.08884274566223, 0.9997837810114818
1500, -314.97622312645615, 716.2621652859726, 401.2859421595165, 88.6314574280825, 0.9997820431424486
1510, -372.69406509934856, 700.7548985628141, 328.06083346346554, 86.71256275932558, 0.9997882864473386
1520, -442.31566945616134, 667.525140248993, 225.20947079283167, 82.60065785623605, 0.9998026415525765
1530, -373.3822601652816, 620.7338533527875, 247.3515931875059, 76.81062711952886, 0.9998254605639537
1540, -359.8367650214305, 566.0462719985741, 206.20950697714358, 70.0434959299238, 0.9998569108396868
1550, -420.877865981047, 509.96691137316384, 89.08904539211682, 63.10414368606952, 0.9998961651066824
1560, -373.8198480091249, 459.19610549245755, 85.37625748333267, 56.82168073033229, 0.9999399711043586
1570, -290.52125867639444, 419.8811987113411, 129.35994003494665, 51.956789555648605, 0.9999811688905644
1580, -316.4183816342928, 396.9551680709855, 80.5367864366927, 49.119884847881, 1.0000089588077463
1590, -283.22793695841347, 393.4815586446651, 110.25362168625162, 48.690054708985166, 1.0000134517869035
1600, -367.672526101109, 410.2717118432351, 42.59918574212611, 50.76769585848786, 0.9999924391017974
1610, -379.2686005863368, 445.63249111401836, 66.36389052768158, 55.14329679688302, 0.9999533631734774
1620, -476.84242057579155, 495.4037231071895, 18.561302531397928, 61.30207083709038, 0.9999078123164304
1630, -500.7533766859456, 553.5339674997551, 52.78059081380951, 68.49520280868722, 0.9998649799493531
1640, -487.96461826822537, 612.6144430663434, 124.649824798118, 75.80591794735474, 0.9998297750674455
1650, -536.6156698393713, 664.942077482061, 128.32640764268967, 82.28102542448532, 0.9998038175140959
1660, -503.89780985892287, 703.5102730306622, 199.61246317173936, 87.0535173241224, 0.9997871570145956
1670, -354.1563701529421, 723.013199823975, 368.8568296710329, 89.46684153637416, 0.999779408804661
1680, -273.9856316579141, 720.6354706183695, 446.6498389604554, 89.17261741694438, 0.9997803309943717
1690, -250.80570713383938, 696.4363945551869, 445.6306874213475, 86.17818397645046, 0.9997900745869449
1700, -187.11197442791232, 653.4517873517083, 466.339812923796, 80.85919804076742, 0.999809161210873
1710, -45.152483289789046, 597.2751099669832, 552.1226266771941, 73.90780366118649, 0.999838246191726
1720, -8.766648280737911, 535.3099731879945, 526.5433249072566, 66.24013580348314, 0.9998774071706708
1730, 75.822834433575, 475.7086024011713, 551.5314368347463, 58.864964234231564, 0.9999246980089357
1740, 204.5419731042924, 426.27721261459584, 630.8191857188882, 52.74824282716046, 0.9999739490978521
1750, 220.96512025731815, 393.4222580140855, 614.3873782714037, 48.68271675150339, 1.000013529178583
1760, 300.62314786311435, 381.27464663568577, 681.8977944988001, 47.179551356319266, 1.0000298901368434
1770, 410.9830695139593, 391.13441854403476, 802.117488057994, 48.399615735674736, 1.0000165328898858
1780, 355.55883752956834, 421.41163236484186, 776.9704698944101, 52.146167931026845, 0.999979421402387
1790, 230.7842199490173, 467.89110588623123, 698.6753258352485, 57.897614368304396, 0.9999317943943421
1800, 245.16150497142775, 524.3733269084685, 769.5348318798963, 64.88681721971739, 0.9998852796930352
1810, 243.6825577290318, 583.5791367742714, 827.2616945033033, 72.21304143054243, 0.9998461860249896
1820, 128.78479204421637, 638.162426799561, 766.9472188437774, 78.9672674397155, 0.9998165700463311
1830, 74.76751327425465, 681.699124349677, 756.4666376239317, 84.35456994218929, 0.9997963473198779
1840, 25.811841613208728, 709.2969408415718, 735.1087824547805, 87.7695691087763, 0.9997848136109234
1850, -67.13910217529796, 718.1630619814798, 651.0239598061819, 88.86667750909258, 0.9997812963801226
1860, -114.79972364178275, 707.835286652519, 593.0355630107363, 87.58870161736009, 0.9997854019149292
1870, -139.96678995465152, 680.1739360909273, 540.2071461362758, 84.16584064057776, 0.9997970120160385
1880, -66.36224901222056, 638.9600863146361, 572.5978373024155, 79.0659711389738, 0.9998161747557425
1890, -74.217334445995, 589.3435197263741, 515.1261852803791, 72.92633565014494, 0.9998427993289045
1900, 28.92059482504567, 537.3700596009237, 566.2906544259694, 66.49505428173727, 0.9998759601180444
1910, 17.718632010887006, 489.28062953786764, 506.99926154875465, 60.54438917621299, 0.9999129163869565
1920, 62.66909614117827, 450.7361145923923, 513.4052107335706, 55.77482755332311, 0.9999482295392629
1930, 40.771554921620975, 426.3371118203713, 467.1086667419923, 52.755654853320664, 0.999973882507507
1940, 23.87813804155212, 419.07605560229007, 442.9541936438422, 51.85715982417329, 0.9999820933458525
1950, -6.6230311332788006, 430.00269499132213, 423.37966385804333, 53.20924013886413, 0.9999698427517274
1960, 73.30016622263929, 458.01080511542455, 531.3109713380638, 56.67500971377155, 0.9999411097916028
1970, 60.07346592125339, 499.91437313837866, 559.987839059632, 61.86022608469125, 0.9999041323046414
1980, 90.24487190308568, 550.7213987439542, 640.9662706470399, 68.1471709287068, 0.9998668442213949
1990, 112.5587220438363, 604.1885582355727, 716.747280279409, 74.76328511140953, 0.99983437501473
